3.8457536697387695
4.08754825592041
3.7909181118011475
3.7186031341552734
3.452181100845337
3.3181557655334473
3.3619601726531982
3.2125089168548584
3.1990249156951904
2.8540472984313965
2.415834903717041
2.6726021766662598
2.869983196258545
2.3635501861572266
2.760251045227051
2.599730968475342
2.481926679611206
2.366882562637329
2.2211506366729736
2.4019992351531982
2.4564685821533203
2.322364330291748
2.448519468307495
2.096121072769165
2.1986913681030273
2.353020668029785
2.503157615661621
2.021414041519165
2.476349353790283
2.439671277999878
2.1835289001464844
2.4734902381896973
1.9829683303833008
2.2951955795288086
2.3936049938201904
2.0533671379089355
2.1042890548706055
2.2161481380462646
2.107170343399048
2.133394718170166
2.1780683994293213
2.0392136573791504
1.9851586818695068
2.172194004058838
2.1711504459381104
2.1644160747528076
2.067695379257202
1.9474058151245117
2.052436351776123
2.0407307147979736
2.1723618507385254
2.2747113704681396
2.406266212463379
1.7850396633148193
1.8058611154556274
1.9938573837280273
1.793127179145813
1.8801283836364746
2.0488815307617188
1.9276460409164429
2.1717851161956787
2.112727642059326
1.9727344512939453
2.0440924167633057
2.100254774093628
2.261894702911377
1.854256510734558
1.8185006380081177
1.9571716785430908
1.8495928049087524
1.8874318599700928
1.8678274154663086
1.9974937438964844
1.963105320930481
1.8733856678009033
2.138577699661255
1.84623122215271
1.8158015012741089
2.016927719116211
1.7127629518508911
2.1588637828826904
1.9703757762908936
1.9673943519592285
1.6660985946655273
1.7166736125946045
1.6244397163391113
2.0380547046661377
2.0401482582092285
1.9518861770629883
2.0678043365478516
1.6881992816925049
2.0188207626342773
1.8188000917434692
1.7769631147384644
1.5603100061416626
1.7987110614776611
1.7940335273742676
1.9032601118087769
1.5915651321411133
1.8040354251861572
